FF: 188 bins in 1 millisecond(s)
Bin_0: 44 262
Bin_1: 147 306 357
Bin_2: 341 228 130
Bin_3: 183 48
Bin_4: 52 135
Bin_5: 54 484 361
Bin_6: 76 245 500
Bin_7: 24 120
Bin_8: 438 207 241
Bin_9: 298 452 308
Bin_10: 437 149 466
Bin_11: 326 128 476
Bin_12: 248 443 134
Bin_13: 43 86
Bin_14: 459 355 486
Bin_15: 144 397 224
Bin_16: 96 127
Bin_17: 142 41
Bin_18: 302 19
Bin_19: 105 362 425
Bin_20: 1 85
Bin_21: 458 483 160
Bin_22: 3 90
Bin_23: 28 403 436
Bin_24: 332 64 423
Bin_25: 217 184 299
Bin_26: 181 53
Bin_27: 195 60
Bin_28: 201 141 293
Bin_29: 188 100
Bin_30: 444 310 478
Bin_31: 21 292
Bin_32: 251 38
Bin_33: 26 231
Bin_34: 348 191 499
Bin_35: 335 400 77
Bin_36: 193 198 467
Bin_37: 63 440 356
Bin_38: 213 210 274
Bin_39: 82 219
Bin_40: 316 237 261
Bin_41: 328 152 275
Bin_42: 435 199 451
Bin_43: 209 258 424
Bin_44: 114 25
Bin_45: 291 88 394
Bin_46: 15 186
Bin_47: 334 475 324
Bin_48: 477 66 470
Bin_49: 75 61
Bin_50: 62 464 481
Bin_51: 402 107 273
Bin_52: 250 194 376
Bin_53: 109 277 354
Bin_54: 468 280 164
Bin_55: 253 363 311
Bin_56: 339 413 319
Bin_57: 456 117 414
Bin_58: 249 203 367
Bin_59: 137 417 218
Bin_60: 106 453 215
Bin_61: 173 73
Bin_62: 226 496 441
Bin_63: 469 359 225
Bin_64: 23 490 482
Bin_65: 69 418 442
Bin_66: 143 289 267
Bin_67: 433 140 336
Bin_68: 449 174 175
Bin_69: 36 290
Bin_70: 123 39
Bin_71: 370 32 439
Bin_72: 7 125
Bin_73: 489 112 431
Bin_74: 18 312
Bin_75: 169 410 318
Bin_76: 301 234 180
Bin_77: 79 113
Bin_78: 45 124
Bin_79: 284 37
Bin_80: 176 166 426
Bin_81: 329 221 420
Bin_82: 463 419 268
Bin_83: 365 349 447
Bin_84: 216 321 300
Bin_85: 136 161 465
Bin_86: 51 378 373
Bin_87: 260 182 384
Bin_88: 58 10
Bin_89: 412 239 392
Bin_90: 364 244 383
Bin_91: 5 331
Bin_92: 270 391 296
Bin_93: 497 33 398
Bin_94: 34 372 422
Bin_95: 347 108 368
Bin_96: 121 366 229
Bin_97: 472 338 263
Bin_98: 495 6 487
Bin_99: 162 337 457
Bin_100: 98 65
Bin_101: 432 17 428
Bin_102: 59 305 492
Bin_103: 283 167 247
Bin_104: 352 47 405
Bin_105: 70 377 313
Bin_106: 204 151 353
Bin_107: 4 294
Bin_108: 445 295 287
Bin_109: 243 190 304
Bin_110: 104 118
Bin_111: 285 49 498
Bin_112: 223 379 155
Bin_113: 74 99
Bin_114: 2 208
Bin_115: 315 323 387
Bin_116: 385 455 197
Bin_117: 92 214
Bin_118: 342 148 381
Bin_119: 42 163
Bin_120: 259 374 154
Bin_121: 252 35
Bin_122: 309 200 222
Bin_123: 94 91
Bin_124: 196 330 427
Bin_125: 138 20
Bin_126: 22 132
Bin_127: 401 360 146
Bin_128: 282 89 474
Bin_129: 257 393 448
Bin_130: 133 434 446
Bin_131: 116 371 380
Bin_132: 314 471 50
Bin_133: 388 322 390
Bin_134: 31 254
Bin_135: 101 27
Bin_136: 369 485 404
Bin_137: 14 340
Bin_138: 168 40
Bin_139: 170 269 205
Bin_140: 327 178 235
Bin_141: 240 211 351
Bin_142: 13 55
Bin_143: 87 111
Bin_144: 156 265 399
Bin_145: 407 276 119
Bin_146: 56 246
Bin_147: 83 386 396
Bin_148: 122 345 212
Bin_149: 325 129 479
Bin_150: 68 165
Bin_151: 233 192 375
Bin_152: 78 317 462
Bin_153: 480 8 488
Bin_154: 389 256 110
Bin_155: 46 145
Bin_156: 454 103 227
Bin_157: 9 461 491
Bin_158: 220 159 429
Bin_159: 150 29
Bin_160: 67 185
Bin_161: 320 139 346
Bin_162: 84 242 421
Bin_163: 202 97
Bin_164: 102 236 473
Bin_165: 286 30
Bin_166: 172 95
Bin_167: 238 264 131
Bin_168: 72 16
Bin_169: 307 177 350
Bin_170: 450 0
Bin_171: 460 333 158
Bin_172: 12 187
Bin_173: 179 230 395
Bin_174: 278 297 232
Bin_175: 408 11
Bin_176: 206 343 153
Bin_177: 93 281 415
Bin_178: 115 303 279
Bin_179: 57 494 266
Bin_180: 255 358 493
Bin_181: 430 189 411
Bin_182: 71 409 382
Bin_183: 171 416 406
Bin_184: 126 81
Bin_185: 157 272 271
Bin_186: 288 344
Bin_187: 80
